#Constraints adjecency list
# (1,'SA'),(2,'WA'),(3,'NT'),(4,'Q'),(5,'NSW'),(6,'V')
#G= [[1,2,3,4,5,6],[2,1,3],[3,2,1,4],[4,1,3,5],[5,1,4,6],[6,1,5]]

# USA State mapping
# ['CA=1', 'AZ=2', 'NV=3', 'OR=4', 'WA=5', 'ID=6', 'UT=7', 'MT=8', 'WY=9', 'CO=10', 'NM=11', 'OK=12', 'TX=13', 'NE=14', 'KS=15', 'SD=16', 'ND=17',
#  'AR=18', 'LA=19', 'MO=20', 'IA=21', 'MN=22', 'MS=23', 'TN=24', 'IL=25', 'KY=26', 'WI=27', 'AL=28', 'IN=29', 'MI=30', 'FL=31', 'GA=32', 'VA=33', 'NC=34',
#  'OH=35', 'WV=36', 'SC=37', 'MD=38', 'DC=39', 'PA=40', 'DE=41', 'NY=42', 'NJ=43', 'VT=44', 'MA=45', 'CT=46', 'NH=47', 'ME=48', 'RI=49']

G = [[1,2,3,4],[2,1,3,7,11],[3,1,2,4,6,7],[4,3,1,5,6],[5,4,6],[6,5,4,3,7,9,8],[7,2,3,6,9,10],[8,6,9,16,17],
     [9,8,6,7,10,14,16],[10,9,7,11,12,14,15],[11,2,10,12,13],[12,13,11,10,15,20,18],[13,11,12,18,19],
     [14,9,10,15,20,21,16],[15,14,10,12,20],[16,17,8,9,14,21,22],[17,8,16,22],[18,12,13,19,23,24,20],[19,13,18,23],
     [20,21,14,15,12,18,24,26,25],[21,22,16,14,20,25,27],[22,17,16,21,27],[23,18,19,28,24],
     [24,26,20,18,23,28,32,34,33,26],[25,27,21,20,26,29],[26,29,25,20,24,33,35,36],[27,22,21,25,30],[28,23,24,32,31],
     [29,30,25,26,35],[30,27,29,35],[31,28,32],[32,31,28,24,34,37],[33,24,26,36,38,39,34],[34,37,32,24,33],
     [35,30,29,26,36,40],[36,35,26,33,38,40],[37,32,34],[38,39,33,36,40,41],[39,33,38],[40,35,36,38,41,43,42],
     [41,38,40,43],[42,40,43,46,45,44],[43,41,40,42],[44,42,45,47],[45,49,46,42,44,47],[46,42,45,49],[47,44,45,48]
     ,[48,47],[49,45,46]]